100
10000 99
64472689	 1737737 254327 2619439 13466473 28957231 318499 629917 44689591 15531821 12598799 40585861 51696011 16786087 11014007 782953 599647 10516679 16336247 18550057 28515661 58373311 82809919 84048743 91614883 72571061 64472689 1737737 254327 2619439 13466473 28957231 318499 629917 44689591 15531821 12598799 40585861 51696011 16786087 11014007 782953 599647 10516679 16336247 18550057 28515661 58373311 82809919 84048743 91614883 72571061 64472689 1737737 254327 2619439 13466473 28957231 318499 629917 44689591 15531821 12598799 40585861 51696011 16786087 11014007 782953 599647 10516679 16336247 18550057 28515661 58373311 82809919 84048743 91614883 72571061 64472689 1737737 254327 2619439 13466473 28957231 318499 629917 44689591 15531821 12598799 40585861 51696011 16786087 11014007 782953 599647 10516679 16336247 18550057 28515661
10000 99
64472689	 1737737 254327 2619439 13466473 28957231 318499 629917 44689591 15531821 12598799 40585861 51696011 16786087 11014007 782953 599647 10516679 16336247 18550057 28515661 58373311 82809919 84048743 91614883 72571061 64472689 1737737 254327 2619439 13466473 28957231 318499 629917 44689591 15531821 12598799 40585861 51696011 16786087 11014007 782953 599647 10516679 16336247 18550057 28515661 58373311 82809919 84048743 91614883 72571061 64472689 1737737 254327 2619439 13466473 28957231 318499 629917 44689591 15531821 12598799 40585861 51696011 16786087 11014007 782953 599647 10516679 16336247 18550057 28515661 58373311 82809919 84048743 91614883 72571061 64472689 1737737 254327 2619439 13466473 28957231 318499 629917 44689591 15531821 12598799 40585861 51696011 16786087 11014007 782953 599647 10516679 16336247 18550057 28515661
10000 99
64472689 1737737 254327 2619439 13466473 28957231 318499 629917 44689591 15531821 12598799 40585861 51696011 16786087 11014007 782953 599647 10516679 16336247 18550057 28515661 58373311 82809919 84048743 91614883 72571061 64472689 1737737 254327 2619439 13466473 28957231 318499 629917 44689591 15531821 12598799 40585861 51696011 16786087 11014007 782953 599647 10516679 16336247 18550057 28515661 58373311 82809919 84048743 91614883 72571061 64472689 1737737 254327 2619439 13466473 28957231 318499 629917 44689591 15531821 12598799 40585861 51696011 16786087 11014007 782953 599647 10516679 16336247 18550057 28515661 58373311 82809919 84048743 91614883 72571061 64472689 1737737 254327 2619439 13466473 28957231 318499 629917 44689591 15531821 12598799 40585861 51696011 16786087 11014007 782953 599647 10516679 16336247 18550057 28515661
10000 99
64472689 1737737 254327 2619439 13466473 28957231 318499 629917 44689591 15531821 12598799 40585861 51696011 16786087 11014007 782953 599647 10516679 16336247 18550057 28515661 58373311 82809919 84048743 91614883 72571061 64472689 1737737 254327 2619439 13466473 28957231 318499 629917 44689591 15531821 12598799 40585861 51696011 16786087 11014007 782953 599647 10516679 16336247 18550057 28515661 58373311 82809919 84048743 91614883 72571061 64472689 1737737 254327 2619439 13466473 28957231 318499 629917 44689591 15531821 12598799 40585861 51696011 16786087 11014007 782953 599647 10516679 16336247 18550057 28515661 58373311 82809919 84048743 91614883 72571061 64472689 1737737 254327 2619439 13466473 28957231 318499 629917 44689591 15531821 12598799 40585861 51696011 16786087 11014007 782953 599647 10516679 16336247 18550057 28515661
10000 99
64472689 1737737 254327 2619439 13466473 28957231 318499 629917 44689591 15531821 12598799 40585861 51696011 16786087 11014007 782953 599647 10516679 16336247 18550057 28515661 58373311 82809919 84048743 91614883 72571061 64472689 1737737 254327 2619439 13466473 28957231 318499 629917 44689591 15531821 12598799 40585861 51696011 16786087 11014007 782953 599647 10516679 16336247 18550057 28515661 58373311 82809919 84048743 91614883 72571061 64472689 1737737 254327 2619439 13466473 28957231 318499 629917 44689591 15531821 12598799 40585861 51696011 16786087 11014007 782953 599647 10516679 16336247 18550057 28515661 58373311 82809919 84048743 91614883 72571061 64472689 1737737 254327 2619439 13466473 28957231 318499 629917 44689591 15531821 12598799 40585861 51696011 16786087 11014007 782953 599647 10516679 16336247 18550057 28515661
10000 99
64472689 1737737 254327 2619439 13466473 28957231 318499 629917 44689591 15531821 12598799 40585861 51696011 16786087 11014007 782953 599647 10516679 16336247 18550057 28515661 58373311 82809919 84048743 91614883 72571061 64472689 1737737 254327 2619439 13466473 28957231 318499 629917 44689591 15531821 12598799 40585861 51696011 16786087 11014007 782953 599647 10516679 16336247 18550057 28515661 58373311 82809919 84048743 91614883 72571061 64472689 1737737 254327 2619439 13466473 28957231 318499 629917 44689591 15531821 12598799 40585861 51696011 16786087 11014007 782953 599647 10516679 16336247 18550057 28515661 58373311 82809919 84048743 91614883 72571061 64472689 1737737 254327 2619439 13466473 28957231 318499 629917 44689591 15531821 12598799 40585861 51696011 16786087 11014007 782953 599647 10516679 16336247 18550057 28515661
10000 99
64472689 1737737 254327 2619439 13466473 28957231 318499 629917 44689591 15531821 12598799 40585861 51696011 16786087 11014007 782953 599647 10516679 16336247 18550057 28515661 58373311 82809919 84048743 91614883 72571061 64472689 1737737 254327 2619439 13466473 28957231 318499 629917 44689591 15531821 12598799 40585861 51696011 16786087 11014007 782953 599647 10516679 16336247 18550057 28515661 58373311 82809919 84048743 91614883 72571061 64472689 1737737 254327 2619439 13466473 28957231 318499 629917 44689591 15531821 12598799 40585861 51696011 16786087 11014007 782953 599647 10516679 16336247 18550057 28515661 58373311 82809919 84048743 91614883 72571061 64472689 1737737 254327 2619439 13466473 28957231 318499 629917 44689591 15531821 12598799 40585861 51696011 16786087 11014007 782953 599647 10516679 16336247 18550057 28515661
10000 99
64472689 1737737 254327 2619439 13466473 28957231 318499 629917 44689591 15531821 12598799 40585861 51696011 16786087 11014007 782953 599647 10516679 16336247 18550057 28515661 58373311 82809919 84048743 91614883 72571061 64472689 1737737 254327 2619439 13466473 28957231 318499 629917 44689591 15531821 12598799 40585861 51696011 16786087 11014007 782953 599647 10516679 16336247 18550057 28515661 58373311 82809919 84048743 91614883 72571061 64472689 1737737 254327 2619439 13466473 28957231 318499 629917 44689591 15531821 12598799 40585861 51696011 16786087 11014007 782953 599647 10516679 16336247 18550057 28515661 58373311 82809919 84048743 91614883 72571061 64472689 1737737 254327 2619439 13466473 28957231 318499 629917 44689591 15531821 12598799 40585861 51696011 16786087 11014007 782953 599647 10516679 16336247 18550057 28515661
10000 99
64472689 1737737 254327 2619439 13466473 28957231 318499 629917 44689591 15531821 12598799 40585861 51696011 16786087 11014007 782953 599647 10516679 16336247 18550057 28515661 58373311 82809919 84048743 91614883 72571061 64472689 1737737 254327 2619439 13466473 28957231 318499 629917 44689591 15531821 12598799 40585861 51696011 16786087 11014007 782953 599647 10516679 16336247 18550057 28515661 58373311 82809919 84048743 91614883 72571061 64472689 1737737 254327 2619439 13466473 28957231 318499 629917 44689591 15531821 12598799 40585861 51696011 16786087 11014007 782953 599647 10516679 16336247 18550057 28515661 58373311 82809919 84048743 91614883 72571061 64472689 1737737 254327 2619439 13466473 28957231 318499 629917 44689591 15531821 12598799 40585861 51696011 16786087 11014007 782953 599647 10516679 16336247 18550057 28515661
10000 99
64472689 1737737 254327 2619439 13466473 28957231 318499 629917 44689591 15531821 12598799 40585861 51696011 16786087 11014007 782953 599647 10516679 16336247 18550057 28515661 58373311 82809919 84048743 91614883 72571061 64472689 1737737 254327 2619439 13466473 28957231 318499 629917 44689591 15531821 12598799 40585861 51696011 16786087 11014007 782953 599647 10516679 16336247 18550057 28515661 58373311 82809919 84048743 91614883 72571061 64472689 1737737 254327 2619439 13466473 28957231 318499 629917 44689591 15531821 12598799 40585861 51696011 16786087 11014007 782953 599647 10516679 16336247 18550057 28515661 58373311 82809919 84048743 91614883 72571061 64472689 1737737 254327 2619439 13466473 28957231 318499 629917 44689591 15531821 12598799 40585861 51696011 16786087 11014007 782953 599647 10516679 16336247 18550057 28515661
10000 99
64472689 1737737 254327 2619439 13466473 28957231 318499 629917 44689591 15531821 12598799 40585861 51696011 16786087 11014007 782953 599647 10516679 16336247 18550057 28515661 58373311 82809919 84048743 91614883 72571061 64472689 1737737 254327 2619439 13466473 28957231 318499 629917 44689591 15531821 12598799 40585861 51696011 16786087 11014007 782953 599647 10516679 16336247 18550057 28515661 58373311 82809919 84048743 91614883 72571061 64472689 1737737 254327 2619439 13466473 28957231 318499 629917 44689591 15531821 12598799 40585861 51696011 16786087 11014007 782953 599647 10516679 16336247 18550057 28515661 58373311 82809919 84048743 91614883 72571061 64472689 1737737 254327 2619439 13466473 28957231 318499 629917 44689591 15531821 12598799 40585861 51696011 16786087 11014007 782953 599647 10516679 16336247 18550057 28515661
10000 99
64472689 1737737 254327 2619439 13466473 28957231 318499 629917 44689591 15531821 12598799 40585861 51696011 16786087 11014007 782953 599647 10516679 16336247 18550057 28515661 58373311 82809919 84048743 91614883 72571061 64472689 1737737 254327 2619439 13466473 28957231 318499 629917 44689591 15531821 12598799 40585861 51696011 16786087 11014007 782953 599647 10516679 16336247 18550057 28515661 58373311 82809919 84048743 91614883 72571061 64472689 1737737 254327 2619439 13466473 28957231 318499 629917 44689591 15531821 12598799 40585861 51696011 16786087 11014007 782953 599647 10516679 16336247 18550057 28515661 58373311 82809919 84048743 91614883 72571061 64472689 1737737 254327 2619439 13466473 28957231 318499 629917 44689591 15531821 12598799 40585861 51696011 16786087 11014007 782953 599647 10516679 16336247 18550057 28515661
10000 99
64472689 1737737 254327 2619439 13466473 28957231 318499 629917 44689591 15531821 12598799 40585861 51696011 16786087 11014007 782953 599647 10516679 16336247 18550057 28515661 58373311 82809919 84048743 91614883 72571061 64472689 1737737 254327 2619439 13466473 28957231 318499 629917 44689591 15531821 12598799 40585861 51696011 16786087 11014007 782953 599647 10516679 16336247 18550057 28515661 58373311 82809919 84048743 91614883 72571061 64472689 1737737 254327 2619439 13466473 28957231 318499 629917 44689591 15531821 12598799 40585861 51696011 16786087 11014007 782953 599647 10516679 16336247 18550057 28515661 58373311 82809919 84048743 91614883 72571061 64472689 1737737 254327 2619439 13466473 28957231 318499 629917 44689591 15531821 12598799 40585861 51696011 16786087 11014007 782953 599647 10516679 16336247 18550057 28515661
10000 99
64472689 1737737 254327 2619439 13466473 28957231 318499 629917 44689591 15531821 12598799 40585861 51696011 16786087 11014007 782953 599647 10516679 16336247 18550057 28515661 58373311 82809919 84048743 91614883 72571061 64472689 1737737 254327 2619439 13466473 28957231 318499 629917 44689591 15531821 12598799 40585861 51696011 16786087 11014007 782953 599647 10516679 16336247 18550057 28515661 58373311 82809919 84048743 91614883 72571061 64472689 1737737 254327 2619439 13466473 28957231 318499 629917 44689591 15531821 12598799 40585861 51696011 16786087 11014007 782953 599647 10516679 16336247 18550057 28515661 58373311 82809919 84048743 91614883 72571061 64472689 1737737 254327 2619439 13466473 28957231 318499 629917 44689591 15531821 12598799 40585861 51696011 16786087 11014007 782953 599647 10516679 16336247 18550057 28515661
10000 99
64472689 1737737 254327 2619439 13466473 28957231 318499 629917 44689591 15531821 12598799 40585861 51696011 16786087 11014007 782953 599647 10516679 16336247 18550057 28515661 58373311 82809919 84048743 91614883 72571061 64472689 1737737 254327 2619439 13466473 28957231 318499 629917 44689591 15531821 12598799 40585861 51696011 16786087 11014007 782953 599647 10516679 16336247 18550057 28515661 58373311 82809919 84048743 91614883 72571061 64472689 1737737 254327 2619439 13466473 28957231 318499 629917 44689591 15531821 12598799 40585861 51696011 16786087 11014007 782953 599647 10516679 16336247 18550057 28515661 58373311 82809919 84048743 91614883 72571061 64472689 1737737 254327 2619439 13466473 28957231 318499 629917 44689591 15531821 12598799 40585861 51696011 16786087 11014007 782953 599647 10516679 16336247 18550057 28515661
10000 99
64472689 1737737 254327 2619439 13466473 28957231 318499 629917 44689591 15531821 12598799 40585861 51696011 16786087 11014007 782953 599647 10516679 16336247 18550057 28515661 58373311 82809919 84048743 91614883 72571061 64472689 1737737 254327 2619439 13466473 28957231 318499 629917 44689591 15531821 12598799 40585861 51696011 16786087 11014007 782953 599647 10516679 16336247 18550057 28515661 58373311 82809919 84048743 91614883 72571061 64472689 1737737 254327 2619439 13466473 28957231 318499 629917 44689591 15531821 12598799 40585861 51696011 16786087 11014007 782953 599647 10516679 16336247 18550057 28515661 58373311 82809919 84048743 91614883 72571061 64472689 1737737 254327 2619439 13466473 28957231 318499 629917 44689591 15531821 12598799 40585861 51696011 16786087 11014007 782953 599647 10516679 16336247 18550057 28515661
10000 99
64472689 1737737 254327 2619439 13466473 28957231 318499 629917 44689591 15531821 12598799 40585861 51696011 16786087 11014007 782953 599647 10516679 16336247 18550057 28515661 58373311 82809919 84048743 91614883 72571061 64472689 1737737 254327 2619439 13466473 28957231 318499 629917 44689591 15531821 12598799 40585861 51696011 16786087 11014007 782953 599647 10516679 16336247 18550057 28515661 58373311 82809919 84048743 91614883 72571061 64472689 1737737 254327 2619439 13466473 28957231 318499 629917 44689591 15531821 12598799 40585861 51696011 16786087 11014007 782953 599647 10516679 16336247 18550057 28515661 58373311 82809919 84048743 91614883 72571061 64472689 1737737 254327 2619439 13466473 28957231 318499 629917 44689591 15531821 12598799 40585861 51696011 16786087 11014007 782953 599647 10516679 16336247 18550057 28515661
10000 99
64472689 1737737 254327 2619439 13466473 28957231 318499 629917 44689591 15531821 12598799 40585861 51696011 16786087 11014007 782953 599647 10516679 16336247 18550057 28515661 58373311 82809919 84048743 91614883 72571061 64472689 1737737 254327 2619439 13466473 28957231 318499 629917 44689591 15531821 12598799 40585861 51696011 16786087 11014007 782953 599647 10516679 16336247 18550057 28515661 58373311 82809919 84048743 91614883 72571061 64472689 1737737 254327 2619439 13466473 28957231 318499 629917 44689591 15531821 12598799 40585861 51696011 16786087 11014007 782953 599647 10516679 16336247 18550057 28515661 58373311 82809919 84048743 91614883 72571061 64472689 1737737 254327 2619439 13466473 28957231 318499 629917 44689591 15531821 12598799 40585861 51696011 16786087 11014007 782953 599647 10516679 16336247 18550057 28515661
10000 99
64472689 1737737 254327 2619439 13466473 28957231 318499 629917 44689591 15531821 12598799 40585861 51696011 16786087 11014007 782953 599647 10516679 16336247 18550057 28515661 58373311 82809919 84048743 91614883 72571061 64472689 1737737 254327 2619439 13466473 28957231 318499 629917 44689591 15531821 12598799 40585861 51696011 16786087 11014007 782953 599647 10516679 16336247 18550057 28515661 58373311 82809919 84048743 91614883 72571061 64472689 1737737 254327 2619439 13466473 28957231 318499 629917 44689591 15531821 12598799 40585861 51696011 16786087 11014007 782953 599647 10516679 16336247 18550057 28515661 58373311 82809919 84048743 91614883 72571061 64472689 1737737 254327 2619439 13466473 28957231 318499 629917 44689591 15531821 12598799 40585861 51696011 16786087 11014007 782953 599647 10516679 16336247 18550057 28515661
10000 99
64472689 1737737 254327 2619439 13466473 28957231 318499 629917 44689591 15531821 12598799 40585861 51696011 16786087 11014007 782953 599647 10516679 16336247 18550057 28515661 58373311 82809919 84048743 91614883 72571061 64472689 1737737 254327 2619439 13466473 28957231 318499 629917 44689591 15531821 12598799 40585861 51696011 16786087 11014007 782953 599647 10516679 16336247 18550057 28515661 58373311 82809919 84048743 91614883 72571061 64472689 1737737 254327 2619439 13466473 28957231 318499 629917 44689591 15531821 12598799 40585861 51696011 16786087 11014007 782953 599647 10516679 16336247 18550057 28515661 58373311 82809919 84048743 91614883 72571061 64472689 1737737 254327 2619439 13466473 28957231 318499 629917 44689591 15531821 12598799 40585861 51696011 16786087 11014007 782953 599647 10516679 16336247 18550057 28515661
10000 99
64472689 1737737 254327 2619439 13466473 28957231 318499 629917 44689591 15531821 12598799 40585861 51696011 16786087 11014007 782953 599647 10516679 16336247 18550057 28515661 58373311 82809919 84048743 91614883 72571061 64472689 1737737 254327 2619439 13466473 28957231 318499 629917 44689591 15531821 12598799 40585861 51696011 16786087 11014007 782953 599647 10516679 16336247 18550057 28515661 58373311 82809919 84048743 91614883 72571061 64472689 1737737 254327 2619439 13466473 28957231 318499 629917 44689591 15531821 12598799 40585861 51696011 16786087 11014007 782953 599647 10516679 16336247 18550057 28515661 58373311 82809919 84048743 91614883 72571061 64472689 1737737 254327 2619439 13466473 28957231 318499 629917 44689591 15531821 12598799 40585861 51696011 16786087 11014007 782953 599647 10516679 16336247 18550057 28515661
10000 99
64472689 1737737 254327 2619439 13466473 28957231 318499 629917 44689591 15531821 12598799 40585861 51696011 16786087 11014007 782953 599647 10516679 16336247 18550057 28515661 58373311 82809919 84048743 91614883 72571061 64472689 1737737 254327 2619439 13466473 28957231 318499 629917 44689591 15531821 12598799 40585861 51696011 16786087 11014007 782953 599647 10516679 16336247 18550057 28515661 58373311 82809919 84048743 91614883 72571061 64472689 1737737 254327 2619439 13466473 28957231 318499 629917 44689591 15531821 12598799 40585861 51696011 16786087 11014007 782953 599647 10516679 16336247 18550057 28515661 58373311 82809919 84048743 91614883 72571061 64472689 1737737 254327 2619439 13466473 28957231 318499 629917 44689591 15531821 12598799 40585861 51696011 16786087 11014007 782953 599647 10516679 16336247 18550057 28515661
10000 99
64472689 1737737 254327 2619439 13466473 28957231 318499 629917 44689591 15531821 12598799 40585861 51696011 16786087 11014007 782953 599647 10516679 16336247 18550057 28515661 58373311 82809919 84048743 91614883 72571061 64472689 1737737 254327 2619439 13466473 28957231 318499 629917 44689591 15531821 12598799 40585861 51696011 16786087 11014007 782953 599647 10516679 16336247 18550057 28515661 58373311 82809919 84048743 91614883 72571061 64472689 1737737 254327 2619439 13466473 28957231 318499 629917 44689591 15531821 12598799 40585861 51696011 16786087 11014007 782953 599647 10516679 16336247 18550057 28515661 58373311 82809919 84048743 91614883 72571061 64472689 1737737 254327 2619439 13466473 28957231 318499 629917 44689591 15531821 12598799 40585861 51696011 16786087 11014007 782953 599647 10516679 16336247 18550057 28515661
10000 99
64472689 1737737 254327 2619439 13466473 28957231 318499 629917 44689591 15531821 12598799 40585861 51696011 16786087 11014007 782953 599647 10516679 16336247 18550057 28515661 58373311 82809919 84048743 91614883 72571061 64472689 1737737 254327 2619439 13466473 28957231 318499 629917 44689591 15531821 12598799 40585861 51696011 16786087 11014007 782953 599647 10516679 16336247 18550057 28515661 58373311 82809919 84048743 91614883 72571061 64472689 1737737 254327 2619439 13466473 28957231 318499 629917 44689591 15531821 12598799 40585861 51696011 16786087 11014007 782953 599647 10516679 16336247 18550057 28515661 58373311 82809919 84048743 91614883 72571061 64472689 1737737 254327 2619439 13466473 28957231 318499 629917 44689591 15531821 12598799 40585861 51696011 16786087 11014007 782953 599647 10516679 16336247 18550057 28515661
10000 99
64472689 1737737 254327 2619439 13466473 28957231 318499 629917 44689591 15531821 12598799 40585861 51696011 16786087 11014007 782953 599647 10516679 16336247 18550057 28515661 58373311 82809919 84048743 91614883 72571061 64472689 1737737 254327 2619439 13466473 28957231 318499 629917 44689591 15531821 12598799 40585861 51696011 16786087 11014007 782953 599647 10516679 16336247 18550057 28515661 58373311 82809919 84048743 91614883 72571061 64472689 1737737 254327 2619439 13466473 28957231 318499 629917 44689591 15531821 12598799 40585861 51696011 16786087 11014007 782953 599647 10516679 16336247 18550057 28515661 58373311 82809919 84048743 91614883 72571061 64472689 1737737 254327 2619439 13466473 28957231 318499 629917 44689591 15531821 12598799 40585861 51696011 16786087 11014007 782953 599647 10516679 16336247 18550057 28515661
10000 99
64472689 1737737 254327 2619439 13466473 28957231 318499 629917 44689591 15531821 12598799 40585861 51696011 16786087 11014007 782953 599647 10516679 16336247 18550057 28515661 58373311 82809919 84048743 91614883 72571061 64472689 1737737 254327 2619439 13466473 28957231 318499 629917 44689591 15531821 12598799 40585861 51696011 16786087 11014007 782953 599647 10516679 16336247 18550057 28515661 58373311 82809919 84048743 91614883 72571061 64472689 1737737 254327 2619439 13466473 28957231 318499 629917 44689591 15531821 12598799 40585861 51696011 16786087 11014007 782953 599647 10516679 16336247 18550057 28515661 58373311 82809919 84048743 91614883 72571061 64472689 1737737 254327 2619439 13466473 28957231 318499 629917 44689591 15531821 12598799 40585861 51696011 16786087 11014007 782953 599647 10516679 16336247 18550057 28515661
10000 99
64472689 1737737 254327 2619439 13466473 28957231 318499 629917 44689591 15531821 12598799 40585861 51696011 16786087 11014007 782953 599647 10516679 16336247 18550057 28515661 58373311 82809919 84048743 91614883 72571061 64472689 1737737 254327 2619439 13466473 28957231 318499 629917 44689591 15531821 12598799 40585861 51696011 16786087 11014007 782953 599647 10516679 16336247 18550057 28515661 58373311 82809919 84048743 91614883 72571061 64472689 1737737 254327 2619439 13466473 28957231 318499 629917 44689591 15531821 12598799 40585861 51696011 16786087 11014007 782953 599647 10516679 16336247 18550057 28515661 58373311 82809919 84048743 91614883 72571061 64472689 1737737 254327 2619439 13466473 28957231 318499 629917 44689591 15531821 12598799 40585861 51696011 16786087 11014007 782953 599647 10516679 16336247 18550057 28515661
10000 99
64472689 1737737 254327 2619439 13466473 28957231 318499 629917 44689591 15531821 12598799 40585861 51696011 16786087 11014007 782953 599647 10516679 16336247 18550057 28515661 58373311 82809919 84048743 91614883 72571061 64472689 1737737 254327 2619439 13466473 28957231 318499 629917 44689591 15531821 12598799 40585861 51696011 16786087 11014007 782953 599647 10516679 16336247 18550057 28515661 58373311 82809919 84048743 91614883 72571061 64472689 1737737 254327 2619439 13466473 28957231 318499 629917 44689591 15531821 12598799 40585861 51696011 16786087 11014007 782953 599647 10516679 16336247 18550057 28515661 58373311 82809919 84048743 91614883 72571061 64472689 1737737 254327 2619439 13466473 28957231 318499 629917 44689591 15531821 12598799 40585861 51696011 16786087 11014007 782953 599647 10516679 16336247 18550057 28515661
10000 99
64472689 1737737 254327 2619439 13466473 28957231 318499 629917 44689591 15531821 12598799 40585861 51696011 16786087 11014007 782953 599647 10516679 16336247 18550057 28515661 58373311 82809919 84048743 91614883 72571061 64472689 1737737 254327 2619439 13466473 28957231 318499 629917 44689591 15531821 12598799 40585861 51696011 16786087 11014007 782953 599647 10516679 16336247 18550057 28515661 58373311 82809919 84048743 91614883 72571061 64472689 1737737 254327 2619439 13466473 28957231 318499 629917 44689591 15531821 12598799 40585861 51696011 16786087 11014007 782953 599647 10516679 16336247 18550057 28515661 58373311 82809919 84048743 91614883 72571061 64472689 1737737 254327 2619439 13466473 28957231 318499 629917 44689591 15531821 12598799 40585861 51696011 16786087 11014007 782953 599647 10516679 16336247 18550057 28515661
10000 99
64472689 1737737 254327 2619439 13466473 28957231 318499 629917 44689591 15531821 12598799 40585861 51696011 16786087 11014007 782953 599647 10516679 16336247 18550057 28515661 58373311 82809919 84048743 91614883 72571061 64472689 1737737 254327 2619439 13466473 28957231 318499 629917 44689591 15531821 12598799 40585861 51696011 16786087 11014007 782953 599647 10516679 16336247 18550057 28515661 58373311 82809919 84048743 91614883 72571061 64472689 1737737 254327 2619439 13466473 28957231 318499 629917 44689591 15531821 12598799 40585861 51696011 16786087 11014007 782953 599647 10516679 16336247 18550057 28515661 58373311 82809919 84048743 91614883 72571061 64472689 1737737 254327 2619439 13466473 28957231 318499 629917 44689591 15531821 12598799 40585861 51696011 16786087 11014007 782953 599647 10516679 16336247 18550057 28515661
10000 99
64472689 1737737 254327 2619439 13466473 28957231 318499 629917 44689591 15531821 12598799 40585861 51696011 16786087 11014007 782953 599647 10516679 16336247 18550057 28515661 58373311 82809919 84048743 91614883 72571061 64472689 1737737 254327 2619439 13466473 28957231 318499 629917 44689591 15531821 12598799 40585861 51696011 16786087 11014007 782953 599647 10516679 16336247 18550057 28515661 58373311 82809919 84048743 91614883 72571061 64472689 1737737 254327 2619439 13466473 28957231 318499 629917 44689591 15531821 12598799 40585861 51696011 16786087 11014007 782953 599647 10516679 16336247 18550057 28515661 58373311 82809919 84048743 91614883 72571061 64472689 1737737 254327 2619439 13466473 28957231 318499 629917 44689591 15531821 12598799 40585861 51696011 16786087 11014007 782953 599647 10516679 16336247 18550057 28515661
10000 99
64472689 1737737 254327 2619439 13466473 28957231 318499 629917 44689591 15531821 12598799 40585861 51696011 16786087 11014007 782953 599647 10516679 16336247 18550057 28515661 58373311 82809919 84048743 91614883 72571061 64472689 1737737 254327 2619439 13466473 28957231 318499 629917 44689591 15531821 12598799 40585861 51696011 16786087 11014007 782953 599647 10516679 16336247 18550057 28515661 58373311 82809919 84048743 91614883 72571061 64472689 1737737 254327 2619439 13466473 28957231 318499 629917 44689591 15531821 12598799 40585861 51696011 16786087 11014007 782953 599647 10516679 16336247 18550057 28515661 58373311 82809919 84048743 91614883 72571061 64472689 1737737 254327 2619439 13466473 28957231 318499 629917 44689591 15531821 12598799 40585861 51696011 16786087 11014007 782953 599647 10516679 16336247 18550057 28515661
10000 99
64472689 1737737 254327 2619439 13466473 28957231 318499 629917 44689591 15531821 12598799 40585861 51696011 16786087 11014007 782953 599647 10516679 16336247 18550057 28515661 58373311 82809919 84048743 91614883 72571061 64472689 1737737 254327 2619439 13466473 28957231 318499 629917 44689591 15531821 12598799 40585861 51696011 16786087 11014007 782953 599647 10516679 16336247 18550057 28515661 58373311 82809919 84048743 91614883 72571061 64472689 1737737 254327 2619439 13466473 28957231 318499 629917 44689591 15531821 12598799 40585861 51696011 16786087 11014007 782953 599647 10516679 16336247 18550057 28515661 58373311 82809919 84048743 91614883 72571061 64472689 1737737 254327 2619439 13466473 28957231 318499 629917 44689591 15531821 12598799 40585861 51696011 16786087 11014007 782953 599647 10516679 16336247 18550057 28515661
10000 99
64472689 1737737 254327 2619439 13466473 28957231 318499 629917 44689591 15531821 12598799 40585861 51696011 16786087 11014007 782953 599647 10516679 16336247 18550057 28515661 58373311 82809919 84048743 91614883 72571061 64472689 1737737 254327 2619439 13466473 28957231 318499 629917 44689591 15531821 12598799 40585861 51696011 16786087 11014007 782953 599647 10516679 16336247 18550057 28515661 58373311 82809919 84048743 91614883 72571061 64472689 1737737 254327 2619439 13466473 28957231 318499 629917 44689591 15531821 12598799 40585861 51696011 16786087 11014007 782953 599647 10516679 16336247 18550057 28515661 58373311 82809919 84048743 91614883 72571061 64472689 1737737 254327 2619439 13466473 28957231 318499 629917 44689591 15531821 12598799 40585861 51696011 16786087 11014007 782953 599647 10516679 16336247 18550057 28515661
10000 99
64472689 1737737 254327 2619439 13466473 28957231 318499 629917 44689591 15531821 12598799 40585861 51696011 16786087 11014007 782953 599647 10516679 16336247 18550057 28515661 58373311 82809919 84048743 91614883 72571061 64472689 1737737 254327 2619439 13466473 28957231 318499 629917 44689591 15531821 12598799 40585861 51696011 16786087 11014007 782953 599647 10516679 16336247 18550057 28515661 58373311 82809919 84048743 91614883 72571061 64472689 1737737 254327 2619439 13466473 28957231 318499 629917 44689591 15531821 12598799 40585861 51696011 16786087 11014007 782953 599647 10516679 16336247 18550057 28515661 58373311 82809919 84048743 91614883 72571061 64472689 1737737 254327 2619439 13466473 28957231 318499 629917 44689591 15531821 12598799 40585861 51696011 16786087 11014007 782953 599647 10516679 16336247 18550057 28515661
10000 99
64472689 1737737 254327 2619439 13466473 28957231 318499 629917 44689591 15531821 12598799 40585861 51696011 16786087 11014007 782953 599647 10516679 16336247 18550057 28515661 58373311 82809919 84048743 91614883 72571061 64472689 1737737 254327 2619439 13466473 28957231 318499 629917 44689591 15531821 12598799 40585861 51696011 16786087 11014007 782953 599647 10516679 16336247 18550057 28515661 58373311 82809919 84048743 91614883 72571061 64472689 1737737 254327 2619439 13466473 28957231 318499 629917 44689591 15531821 12598799 40585861 51696011 16786087 11014007 782953 599647 10516679 16336247 18550057 28515661 58373311 82809919 84048743 91614883 72571061 64472689 1737737 254327 2619439 13466473 28957231 318499 629917 44689591 15531821 12598799 40585861 51696011 16786087 11014007 782953 599647 10516679 16336247 18550057 28515661
10000 99
64472689 1737737 254327 2619439 13466473 28957231 318499 629917 44689591 15531821 12598799 40585861 51696011 16786087 11014007 782953 599647 10516679 16336247 18550057 28515661 58373311 82809919 84048743 91614883 72571061 64472689 1737737 254327 2619439 13466473 28957231 318499 629917 44689591 15531821 12598799 40585861 51696011 16786087 11014007 782953 599647 10516679 16336247 18550057 28515661 58373311 82809919 84048743 91614883 72571061 64472689 1737737 254327 2619439 13466473 28957231 318499 629917 44689591 15531821 12598799 40585861 51696011 16786087 11014007 782953 599647 10516679 16336247 18550057 28515661 58373311 82809919 84048743 91614883 72571061 64472689 1737737 254327 2619439 13466473 28957231 318499 629917 44689591 15531821 12598799 40585861 51696011 16786087 11014007 782953 599647 10516679 16336247 18550057 28515661
10000 99
64472689 1737737 254327 2619439 13466473 28957231 318499 629917 44689591 15531821 12598799 40585861 51696011 16786087 11014007 782953 599647 10516679 16336247 18550057 28515661 58373311 82809919 84048743 91614883 72571061 64472689 1737737 254327 2619439 13466473 28957231 318499 629917 44689591 15531821 12598799 40585861 51696011 16786087 11014007 782953 599647 10516679 16336247 18550057 28515661 58373311 82809919 84048743 91614883 72571061 64472689 1737737 254327 2619439 13466473 28957231 318499 629917 44689591 15531821 12598799 40585861 51696011 16786087 11014007 782953 599647 10516679 16336247 18550057 28515661 58373311 82809919 84048743 91614883 72571061 64472689 1737737 254327 2619439 13466473 28957231 318499 629917 44689591 15531821 12598799 40585861 51696011 16786087 11014007 782953 599647 10516679 16336247 18550057 28515661
10000 99
64472689 1737737 254327 2619439 13466473 28957231 318499 629917 44689591 15531821 12598799 40585861 51696011 16786087 11014007 782953 599647 10516679 16336247 18550057 28515661 58373311 82809919 84048743 91614883 72571061 64472689 1737737 254327 2619439 13466473 28957231 318499 629917 44689591 15531821 12598799 40585861 51696011 16786087 11014007 782953 599647 10516679 16336247 18550057 28515661 58373311 82809919 84048743 91614883 72571061 64472689 1737737 254327 2619439 13466473 28957231 318499 629917 44689591 15531821 12598799 40585861 51696011 16786087 11014007 782953 599647 10516679 16336247 18550057 28515661 58373311 82809919 84048743 91614883 72571061 64472689 1737737 254327 2619439 13466473 28957231 318499 629917 44689591 15531821 12598799 40585861 51696011 16786087 11014007 782953 599647 10516679 16336247 18550057 28515661
10000 99
64472689 1737737 254327 2619439 13466473 28957231 318499 629917 44689591 15531821 12598799 40585861 51696011 16786087 11014007 782953 599647 10516679 16336247 18550057 28515661 58373311 82809919 84048743 91614883 72571061 64472689 1737737 254327 2619439 13466473 28957231 318499 629917 44689591 15531821 12598799 40585861 51696011 16786087 11014007 782953 599647 10516679 16336247 18550057 28515661 58373311 82809919 84048743 91614883 72571061 64472689 1737737 254327 2619439 13466473 28957231 318499 629917 44689591 15531821 12598799 40585861 51696011 16786087 11014007 782953 599647 10516679 16336247 18550057 28515661 58373311 82809919 84048743 91614883 72571061 64472689 1737737 254327 2619439 13466473 28957231 318499 629917 44689591 15531821 12598799 40585861 51696011 16786087 11014007 782953 599647 10516679 16336247 18550057 28515661
10000 99
64472689 1737737 254327 2619439 13466473 28957231 318499 629917 44689591 15531821 12598799 40585861 51696011 16786087 11014007 782953 599647 10516679 16336247 18550057 28515661 58373311 82809919 84048743 91614883 72571061 64472689 1737737 254327 2619439 13466473 28957231 318499 629917 44689591 15531821 12598799 40585861 51696011 16786087 11014007 782953 599647 10516679 16336247 18550057 28515661 58373311 82809919 84048743 91614883 72571061 64472689 1737737 254327 2619439 13466473 28957231 318499 629917 44689591 15531821 12598799 40585861 51696011 16786087 11014007 782953 599647 10516679 16336247 18550057 28515661 58373311 82809919 84048743 91614883 72571061 64472689 1737737 254327 2619439 13466473 28957231 318499 629917 44689591 15531821 12598799 40585861 51696011 16786087 11014007 782953 599647 10516679 16336247 18550057 28515661
10000 99
64472689 1737737 254327 2619439 13466473 28957231 318499 629917 44689591 15531821 12598799 40585861 51696011 16786087 11014007 782953 599647 10516679 16336247 18550057 28515661 58373311 82809919 84048743 91614883 72571061 64472689 1737737 254327 2619439 13466473 28957231 318499 629917 44689591 15531821 12598799 40585861 51696011 16786087 11014007 782953 599647 10516679 16336247 18550057 28515661 58373311 82809919 84048743 91614883 72571061 64472689 1737737 254327 2619439 13466473 28957231 318499 629917 44689591 15531821 12598799 40585861 51696011 16786087 11014007 782953 599647 10516679 16336247 18550057 28515661 58373311 82809919 84048743 91614883 72571061 64472689 1737737 254327 2619439 13466473 28957231 318499 629917 44689591 15531821 12598799 40585861 51696011 16786087 11014007 782953 599647 10516679 16336247 18550057 28515661
10000 99
64472689 1737737 254327 2619439 13466473 28957231 318499 629917 44689591 15531821 12598799 40585861 51696011 16786087 11014007 782953 599647 10516679 16336247 18550057 28515661 58373311 82809919 84048743 91614883 72571061 64472689 1737737 254327 2619439 13466473 28957231 318499 629917 44689591 15531821 12598799 40585861 51696011 16786087 11014007 782953 599647 10516679 16336247 18550057 28515661 58373311 82809919 84048743 91614883 72571061 64472689 1737737 254327 2619439 13466473 28957231 318499 629917 44689591 15531821 12598799 40585861 51696011 16786087 11014007 782953 599647 10516679 16336247 18550057 28515661 58373311 82809919 84048743 91614883 72571061 64472689 1737737 254327 2619439 13466473 28957231 318499 629917 44689591 15531821 12598799 40585861 51696011 16786087 11014007 782953 599647 10516679 16336247 18550057 28515661
10000 99
64472689 1737737 254327 2619439 13466473 28957231 318499 629917 44689591 15531821 12598799 40585861 51696011 16786087 11014007 782953 599647 10516679 16336247 18550057 28515661 58373311 82809919 84048743 91614883 72571061 64472689 1737737 254327 2619439 13466473 28957231 318499 629917 44689591 15531821 12598799 40585861 51696011 16786087 11014007 782953 599647 10516679 16336247 18550057 28515661 58373311 82809919 84048743 91614883 72571061 64472689 1737737 254327 2619439 13466473 28957231 318499 629917 44689591 15531821 12598799 40585861 51696011 16786087 11014007 782953 599647 10516679 16336247 18550057 28515661 58373311 82809919 84048743 91614883 72571061 64472689 1737737 254327 2619439 13466473 28957231 318499 629917 44689591 15531821 12598799 40585861 51696011 16786087 11014007 782953 599647 10516679 16336247 18550057 28515661
10000 99
64472689 1737737 254327 2619439 13466473 28957231 318499 629917 44689591 15531821 12598799 40585861 51696011 16786087 11014007 782953 599647 10516679 16336247 18550057 28515661 58373311 82809919 84048743 91614883 72571061 64472689 1737737 254327 2619439 13466473 28957231 318499 629917 44689591 15531821 12598799 40585861 51696011 16786087 11014007 782953 599647 10516679 16336247 18550057 28515661 58373311 82809919 84048743 91614883 72571061 64472689 1737737 254327 2619439 13466473 28957231 318499 629917 44689591 15531821 12598799 40585861 51696011 16786087 11014007 782953 599647 10516679 16336247 18550057 28515661 58373311 82809919 84048743 91614883 72571061 64472689 1737737 254327 2619439 13466473 28957231 318499 629917 44689591 15531821 12598799 40585861 51696011 16786087 11014007 782953 599647 10516679 16336247 18550057 28515661
10000 99
64472689 1737737 254327 2619439 13466473 28957231 318499 629917 44689591 15531821 12598799 40585861 51696011 16786087 11014007 782953 599647 10516679 16336247 18550057 28515661 58373311 82809919 84048743 91614883 72571061 64472689 1737737 254327 2619439 13466473 28957231 318499 629917 44689591 15531821 12598799 40585861 51696011 16786087 11014007 782953 599647 10516679 16336247 18550057 28515661 58373311 82809919 84048743 91614883 72571061 64472689 1737737 254327 2619439 13466473 28957231 318499 629917 44689591 15531821 12598799 40585861 51696011 16786087 11014007 782953 599647 10516679 16336247 18550057 28515661 58373311 82809919 84048743 91614883 72571061 64472689 1737737 254327 2619439 13466473 28957231 318499 629917 44689591 15531821 12598799 40585861 51696011 16786087 11014007 782953 599647 10516679 16336247 18550057 28515661
10000 99
64472689 1737737 254327 2619439 13466473 28957231 318499 629917 44689591 15531821 12598799 40585861 51696011 16786087 11014007 782953 599647 10516679 16336247 18550057 28515661 58373311 82809919 84048743 91614883 72571061 64472689 1737737 254327 2619439 13466473 28957231 318499 629917 44689591 15531821 12598799 40585861 51696011 16786087 11014007 782953 599647 10516679 16336247 18550057 28515661 58373311 82809919 84048743 91614883 72571061 64472689 1737737 254327 2619439 13466473 28957231 318499 629917 44689591 15531821 12598799 40585861 51696011 16786087 11014007 782953 599647 10516679 16336247 18550057 28515661 58373311 82809919 84048743 91614883 72571061 64472689 1737737 254327 2619439 13466473 28957231 318499 629917 44689591 15531821 12598799 40585861 51696011 16786087 11014007 782953 599647 10516679 16336247 18550057 28515661
10000 99
64472689 1737737 254327 2619439 13466473 28957231 318499 629917 44689591 15531821 12598799 40585861 51696011 16786087 11014007 782953 599647 10516679 16336247 18550057 28515661 58373311 82809919 84048743 91614883 72571061 64472689 1737737 254327 2619439 13466473 28957231 318499 629917 44689591 15531821 12598799 40585861 51696011 16786087 11014007 782953 599647 10516679 16336247 18550057 28515661 58373311 82809919 84048743 91614883 72571061 64472689 1737737 254327 2619439 13466473 28957231 318499 629917 44689591 15531821 12598799 40585861 51696011 16786087 11014007 782953 599647 10516679 16336247 18550057 28515661 58373311 82809919 84048743 91614883 72571061 64472689 1737737 254327 2619439 13466473 28957231 318499 629917 44689591 15531821 12598799 40585861 51696011 16786087 11014007 782953 599647 10516679 16336247 18550057 28515661
10000 99
64472689 1737737 254327 2619439 13466473 28957231 318499 629917 44689591 15531821 12598799 40585861 51696011 16786087 11014007 782953 599647 10516679 16336247 18550057 28515661 58373311 82809919 84048743 91614883 72571061 64472689 1737737 254327 2619439 13466473 28957231 318499 629917 44689591 15531821 12598799 40585861 51696011 16786087 11014007 782953 599647 10516679 16336247 18550057 28515661 58373311 82809919 84048743 91614883 72571061 64472689 1737737 254327 2619439 13466473 28957231 318499 629917 44689591 15531821 12598799 40585861 51696011 16786087 11014007 782953 599647 10516679 16336247 18550057 28515661 58373311 82809919 84048743 91614883 72571061 64472689 1737737 254327 2619439 13466473 28957231 318499 629917 44689591 15531821 12598799 40585861 51696011 16786087 11014007 782953 599647 10516679 16336247 18550057 28515661
10000 99
64472689 1737737 254327 2619439 13466473 28957231 318499 629917 44689591 15531821 12598799 40585861 51696011 16786087 11014007 782953 599647 10516679 16336247 18550057 28515661 58373311 82809919 84048743 91614883 72571061 64472689 1737737 254327 2619439 13466473 28957231 318499 629917 44689591 15531821 12598799 40585861 51696011 16786087 11014007 782953 599647 10516679 16336247 18550057 28515661 58373311 82809919 84048743 91614883 72571061 64472689 1737737 254327 2619439 13466473 28957231 318499 629917 44689591 15531821 12598799 40585861 51696011 16786087 11014007 782953 599647 10516679 16336247 18550057 28515661 58373311 82809919 84048743 91614883 72571061 64472689 1737737 254327 2619439 13466473 28957231 318499 629917 44689591 15531821 12598799 40585861 51696011 16786087 11014007 782953 599647 10516679 16336247 18550057 28515661
10000 99
64472689 1737737 254327 2619439 13466473 28957231 318499 629917 44689591 15531821 12598799 40585861 51696011 16786087 11014007 782953 599647 10516679 16336247 18550057 28515661 58373311 82809919 84048743 91614883 72571061 64472689 1737737 254327 2619439 13466473 28957231 318499 629917 44689591 15531821 12598799 40585861 51696011 16786087 11014007 782953 599647 10516679 16336247 18550057 28515661 58373311 82809919 84048743 91614883 72571061 64472689 1737737 254327 2619439 13466473 28957231 318499 629917 44689591 15531821 12598799 40585861 51696011 16786087 11014007 782953 599647 10516679 16336247 18550057 28515661 58373311 82809919 84048743 91614883 72571061 64472689 1737737 254327 2619439 13466473 28957231 318499 629917 44689591 15531821 12598799 40585861 51696011 16786087 11014007 782953 599647 10516679 16336247 18550057 28515661
10000 99
64472689 1737737 254327 2619439 13466473 28957231 318499 629917 44689591 15531821 12598799 40585861 51696011 16786087 11014007 782953 599647 10516679 16336247 18550057 28515661 58373311 82809919 84048743 91614883 72571061 64472689 1737737 254327 2619439 13466473 28957231 318499 629917 44689591 15531821 12598799 40585861 51696011 16786087 11014007 782953 599647 10516679 16336247 18550057 28515661 58373311 82809919 84048743 91614883 72571061 64472689 1737737 254327 2619439 13466473 28957231 318499 629917 44689591 15531821 12598799 40585861 51696011 16786087 11014007 782953 599647 10516679 16336247 18550057 28515661 58373311 82809919 84048743 91614883 72571061 64472689 1737737 254327 2619439 13466473 28957231 318499 629917 44689591 15531821 12598799 40585861 51696011 16786087 11014007 782953 599647 10516679 16336247 18550057 28515661
10000 99
64472689 1737737 254327 2619439 13466473 28957231 318499 629917 44689591 15531821 12598799 40585861 51696011 16786087 11014007 782953 599647 10516679 16336247 18550057 28515661 58373311 82809919 84048743 91614883 72571061 64472689 1737737 254327 2619439 13466473 28957231 318499 629917 44689591 15531821 12598799 40585861 51696011 16786087 11014007 782953 599647 10516679 16336247 18550057 28515661 58373311 82809919 84048743 91614883 72571061 64472689 1737737 254327 2619439 13466473 28957231 318499 629917 44689591 15531821 12598799 40585861 51696011 16786087 11014007 782953 599647 10516679 16336247 18550057 28515661 58373311 82809919 84048743 91614883 72571061 64472689 1737737 254327 2619439 13466473 28957231 318499 629917 44689591 15531821 12598799 40585861 51696011 16786087 11014007 782953 599647 10516679 16336247 18550057 28515661
10000 99
64472689 1737737 254327 2619439 13466473 28957231 318499 629917 44689591 15531821 12598799 40585861 51696011 16786087 11014007 782953 599647 10516679 16336247 18550057 28515661 58373311 82809919 84048743 91614883 72571061 64472689 1737737 254327 2619439 13466473 28957231 318499 629917 44689591 15531821 12598799 40585861 51696011 16786087 11014007 782953 599647 10516679 16336247 18550057 28515661 58373311 82809919 84048743 91614883 72571061 64472689 1737737 254327 2619439 13466473 28957231 318499 629917 44689591 15531821 12598799 40585861 51696011 16786087 11014007 782953 599647 10516679 16336247 18550057 28515661 58373311 82809919 84048743 91614883 72571061 64472689 1737737 254327 2619439 13466473 28957231 318499 629917 44689591 15531821 12598799 40585861 51696011 16786087 11014007 782953 599647 10516679 16336247 18550057 28515661
10000 99
64472689 1737737 254327 2619439 13466473 28957231 318499 629917 44689591 15531821 12598799 40585861 51696011 16786087 11014007 782953 599647 10516679 16336247 18550057 28515661 58373311 82809919 84048743 91614883 72571061 64472689 1737737 254327 2619439 13466473 28957231 318499 629917 44689591 15531821 12598799 40585861 51696011 16786087 11014007 782953 599647 10516679 16336247 18550057 28515661 58373311 82809919 84048743 91614883 72571061 64472689 1737737 254327 2619439 13466473 28957231 318499 629917 44689591 15531821 12598799 40585861 51696011 16786087 11014007 782953 599647 10516679 16336247 18550057 28515661 58373311 82809919 84048743 91614883 72571061 64472689 1737737 254327 2619439 13466473 28957231 318499 629917 44689591 15531821 12598799 40585861 51696011 16786087 11014007 782953 599647 10516679 16336247 18550057 28515661
10000 99
64472689 1737737 254327 2619439 13466473 28957231 318499 629917 44689591 15531821 12598799 40585861 51696011 16786087 11014007 782953 599647 10516679 16336247 18550057 28515661 58373311 82809919 84048743 91614883 72571061 64472689 1737737 254327 2619439 13466473 28957231 318499 629917 44689591 15531821 12598799 40585861 51696011 16786087 11014007 782953 599647 10516679 16336247 18550057 28515661 58373311 82809919 84048743 91614883 72571061 64472689 1737737 254327 2619439 13466473 28957231 318499 629917 44689591 15531821 12598799 40585861 51696011 16786087 11014007 782953 599647 10516679 16336247 18550057 28515661 58373311 82809919 84048743 91614883 72571061 64472689 1737737 254327 2619439 13466473 28957231 318499 629917 44689591 15531821 12598799 40585861 51696011 16786087 11014007 782953 599647 10516679 16336247 18550057 28515661
10000 99
64472689 1737737 254327 2619439 13466473 28957231 318499 629917 44689591 15531821 12598799 40585861 51696011 16786087 11014007 782953 599647 10516679 16336247 18550057 28515661 58373311 82809919 84048743 91614883 72571061 64472689 1737737 254327 2619439 13466473 28957231 318499 629917 44689591 15531821 12598799 40585861 51696011 16786087 11014007 782953 599647 10516679 16336247 18550057 28515661 58373311 82809919 84048743 91614883 72571061 64472689 1737737 254327 2619439 13466473 28957231 318499 629917 44689591 15531821 12598799 40585861 51696011 16786087 11014007 782953 599647 10516679 16336247 18550057 28515661 58373311 82809919 84048743 91614883 72571061 64472689 1737737 254327 2619439 13466473 28957231 318499 629917 44689591 15531821 12598799 40585861 51696011 16786087 11014007 782953 599647 10516679 16336247 18550057 28515661
10000 99
64472689 1737737 254327 2619439 13466473 28957231 318499 629917 44689591 15531821 12598799 40585861 51696011 16786087 11014007 782953 599647 10516679 16336247 18550057 28515661 58373311 82809919 84048743 91614883 72571061 64472689 1737737 254327 2619439 13466473 28957231 318499 629917 44689591 15531821 12598799 40585861 51696011 16786087 11014007 782953 599647 10516679 16336247 18550057 28515661 58373311 82809919 84048743 91614883 72571061 64472689 1737737 254327 2619439 13466473 28957231 318499 629917 44689591 15531821 12598799 40585861 51696011 16786087 11014007 782953 599647 10516679 16336247 18550057 28515661 58373311 82809919 84048743 91614883 72571061 64472689 1737737 254327 2619439 13466473 28957231 318499 629917 44689591 15531821 12598799 40585861 51696011 16786087 11014007 782953 599647 10516679 16336247 18550057 28515661
10000 99
64472689 1737737 254327 2619439 13466473 28957231 318499 629917 44689591 15531821 12598799 40585861 51696011 16786087 11014007 782953 599647 10516679 16336247 18550057 28515661 58373311 82809919 84048743 91614883 72571061 64472689 1737737 254327 2619439 13466473 28957231 318499 629917 44689591 15531821 12598799 40585861 51696011 16786087 11014007 782953 599647 10516679 16336247 18550057 28515661 58373311 82809919 84048743 91614883 72571061 64472689 1737737 254327 2619439 13466473 28957231 318499 629917 44689591 15531821 12598799 40585861 51696011 16786087 11014007 782953 599647 10516679 16336247 18550057 28515661 58373311 82809919 84048743 91614883 72571061 64472689 1737737 254327 2619439 13466473 28957231 318499 629917 44689591 15531821 12598799 40585861 51696011 16786087 11014007 782953 599647 10516679 16336247 18550057 28515661
10000 99
64472689 1737737 254327 2619439 13466473 28957231 318499 629917 44689591 15531821 12598799 40585861 51696011 16786087 11014007 782953 599647 10516679 16336247 18550057 28515661 58373311 82809919 84048743 91614883 72571061 64472689 1737737 254327 2619439 13466473 28957231 318499 629917 44689591 15531821 12598799 40585861 51696011 16786087 11014007 782953 599647 10516679 16336247 18550057 28515661 58373311 82809919 84048743 91614883 72571061 64472689 1737737 254327 2619439 13466473 28957231 318499 629917 44689591 15531821 12598799 40585861 51696011 16786087 11014007 782953 599647 10516679 16336247 18550057 28515661 58373311 82809919 84048743 91614883 72571061 64472689 1737737 254327 2619439 13466473 28957231 318499 629917 44689591 15531821 12598799 40585861 51696011 16786087 11014007 782953 599647 10516679 16336247 18550057 28515661
10000 99
64472689 1737737 254327 2619439 13466473 28957231 318499 629917 44689591 15531821 12598799 40585861 51696011 16786087 11014007 782953 599647 10516679 16336247 18550057 28515661 58373311 82809919 84048743 91614883 72571061 64472689 1737737 254327 2619439 13466473 28957231 318499 629917 44689591 15531821 12598799 40585861 51696011 16786087 11014007 782953 599647 10516679 16336247 18550057 28515661 58373311 82809919 84048743 91614883 72571061 64472689 1737737 254327 2619439 13466473 28957231 318499 629917 44689591 15531821 12598799 40585861 51696011 16786087 11014007 782953 599647 10516679 16336247 18550057 28515661 58373311 82809919 84048743 91614883 72571061 64472689 1737737 254327 2619439 13466473 28957231 318499 629917 44689591 15531821 12598799 40585861 51696011 16786087 11014007 782953 599647 10516679 16336247 18550057 28515661
10000 99
64472689 1737737 254327 2619439 13466473 28957231 318499 629917 44689591 15531821 12598799 40585861 51696011 16786087 11014007 782953 599647 10516679 16336247 18550057 28515661 58373311 82809919 84048743 91614883 72571061 64472689 1737737 254327 2619439 13466473 28957231 318499 629917 44689591 15531821 12598799 40585861 51696011 16786087 11014007 782953 599647 10516679 16336247 18550057 28515661 58373311 82809919 84048743 91614883 72571061 64472689 1737737 254327 2619439 13466473 28957231 318499 629917 44689591 15531821 12598799 40585861 51696011 16786087 11014007 782953 599647 10516679 16336247 18550057 28515661 58373311 82809919 84048743 91614883 72571061 64472689 1737737 254327 2619439 13466473 28957231 318499 629917 44689591 15531821 12598799 40585861 51696011 16786087 11014007 782953 599647 10516679 16336247 18550057 28515661
10000 99
64472689 1737737 254327 2619439 13466473 28957231 318499 629917 44689591 15531821 12598799 40585861 51696011 16786087 11014007 782953 599647 10516679 16336247 18550057 28515661 58373311 82809919 84048743 91614883 72571061 64472689 1737737 254327 2619439 13466473 28957231 318499 629917 44689591 15531821 12598799 40585861 51696011 16786087 11014007 782953 599647 10516679 16336247 18550057 28515661 58373311 82809919 84048743 91614883 72571061 64472689 1737737 254327 2619439 13466473 28957231 318499 629917 44689591 15531821 12598799 40585861 51696011 16786087 11014007 782953 599647 10516679 16336247 18550057 28515661 58373311 82809919 84048743 91614883 72571061 64472689 1737737 254327 2619439 13466473 28957231 318499 629917 44689591 15531821 12598799 40585861 51696011 16786087 11014007 782953 599647 10516679 16336247 18550057 28515661
10000 99
64472689 1737737 254327 2619439 13466473 28957231 318499 629917 44689591 15531821 12598799 40585861 51696011 16786087 11014007 782953 599647 10516679 16336247 18550057 28515661 58373311 82809919 84048743 91614883 72571061 64472689 1737737 254327 2619439 13466473 28957231 318499 629917 44689591 15531821 12598799 40585861 51696011 16786087 11014007 782953 599647 10516679 16336247 18550057 28515661 58373311 82809919 84048743 91614883 72571061 64472689 1737737 254327 2619439 13466473 28957231 318499 629917 44689591 15531821 12598799 40585861 51696011 16786087 11014007 782953 599647 10516679 16336247 18550057 28515661 58373311 82809919 84048743 91614883 72571061 64472689 1737737 254327 2619439 13466473 28957231 318499 629917 44689591 15531821 12598799 40585861 51696011 16786087 11014007 782953 599647 10516679 16336247 18550057 28515661
10000 99
64472689 1737737 254327 2619439 13466473 28957231 318499 629917 44689591 15531821 12598799 40585861 51696011 16786087 11014007 782953 599647 10516679 16336247 18550057 28515661 58373311 82809919 84048743 91614883 72571061 64472689 1737737 254327 2619439 13466473 28957231 318499 629917 44689591 15531821 12598799 40585861 51696011 16786087 11014007 782953 599647 10516679 16336247 18550057 28515661 58373311 82809919 84048743 91614883 72571061 64472689 1737737 254327 2619439 13466473 28957231 318499 629917 44689591 15531821 12598799 40585861 51696011 16786087 11014007 782953 599647 10516679 16336247 18550057 28515661 58373311 82809919 84048743 91614883 72571061 64472689 1737737 254327 2619439 13466473 28957231 318499 629917 44689591 15531821 12598799 40585861 51696011 16786087 11014007 782953 599647 10516679 16336247 18550057 28515661
10000 99
64472689 1737737 254327 2619439 13466473 28957231 318499 629917 44689591 15531821 12598799 40585861 51696011 16786087 11014007 782953 599647 10516679 16336247 18550057 28515661 58373311 82809919 84048743 91614883 72571061 64472689 1737737 254327 2619439 13466473 28957231 318499 629917 44689591 15531821 12598799 40585861 51696011 16786087 11014007 782953 599647 10516679 16336247 18550057 28515661 58373311 82809919 84048743 91614883 72571061 64472689 1737737 254327 2619439 13466473 28957231 318499 629917 44689591 15531821 12598799 40585861 51696011 16786087 11014007 782953 599647 10516679 16336247 18550057 28515661 58373311 82809919 84048743 91614883 72571061 64472689 1737737 254327 2619439 13466473 28957231 318499 629917 44689591 15531821 12598799 40585861 51696011 16786087 11014007 782953 599647 10516679 16336247 18550057 28515661
10000 99
64472689 1737737 254327 2619439 13466473 28957231 318499 629917 44689591 15531821 12598799 40585861 51696011 16786087 11014007 782953 599647 10516679 16336247 18550057 28515661 58373311 82809919 84048743 91614883 72571061 64472689 1737737 254327 2619439 13466473 28957231 318499 629917 44689591 15531821 12598799 40585861 51696011 16786087 11014007 782953 599647 10516679 16336247 18550057 28515661 58373311 82809919 84048743 91614883 72571061 64472689 1737737 254327 2619439 13466473 28957231 318499 629917 44689591 15531821 12598799 40585861 51696011 16786087 11014007 782953 599647 10516679 16336247 18550057 28515661 58373311 82809919 84048743 91614883 72571061 64472689 1737737 254327 2619439 13466473 28957231 318499 629917 44689591 15531821 12598799 40585861 51696011 16786087 11014007 782953 599647 10516679 16336247 18550057 28515661
10000 99
64472689 1737737 254327 2619439 13466473 28957231 318499 629917 44689591 15531821 12598799 40585861 51696011 16786087 11014007 782953 599647 10516679 16336247 18550057 28515661 58373311 82809919 84048743 91614883 72571061 64472689 1737737 254327 2619439 13466473 28957231 318499 629917 44689591 15531821 12598799 40585861 51696011 16786087 11014007 782953 599647 10516679 16336247 18550057 28515661 58373311 82809919 84048743 91614883 72571061 64472689 1737737 254327 2619439 13466473 28957231 318499 629917 44689591 15531821 12598799 40585861 51696011 16786087 11014007 782953 599647 10516679 16336247 18550057 28515661 58373311 82809919 84048743 91614883 72571061 64472689 1737737 254327 2619439 13466473 28957231 318499 629917 44689591 15531821 12598799 40585861 51696011 16786087 11014007 782953 599647 10516679 16336247 18550057 28515661
10000 99
64472689 1737737 254327 2619439 13466473 28957231 318499 629917 44689591 15531821 12598799 40585861 51696011 16786087 11014007 782953 599647 10516679 16336247 18550057 28515661 58373311 82809919 84048743 91614883 72571061 64472689 1737737 254327 2619439 13466473 28957231 318499 629917 44689591 15531821 12598799 40585861 51696011 16786087 11014007 782953 599647 10516679 16336247 18550057 28515661 58373311 82809919 84048743 91614883 72571061 64472689 1737737 254327 2619439 13466473 28957231 318499 629917 44689591 15531821 12598799 40585861 51696011 16786087 11014007 782953 599647 10516679 16336247 18550057 28515661 58373311 82809919 84048743 91614883 72571061 64472689 1737737 254327 2619439 13466473 28957231 318499 629917 44689591 15531821 12598799 40585861 51696011 16786087 11014007 782953 599647 10516679 16336247 18550057 28515661
10000 99
64472689 1737737 254327 2619439 13466473 28957231 318499 629917 44689591 15531821 12598799 40585861 51696011 16786087 11014007 782953 599647 10516679 16336247 18550057 28515661 58373311 82809919 84048743 91614883 72571061 64472689 1737737 254327 2619439 13466473 28957231 318499 629917 44689591 15531821 12598799 40585861 51696011 16786087 11014007 782953 599647 10516679 16336247 18550057 28515661 58373311 82809919 84048743 91614883 72571061 64472689 1737737 254327 2619439 13466473 28957231 318499 629917 44689591 15531821 12598799 40585861 51696011 16786087 11014007 782953 599647 10516679 16336247 18550057 28515661 58373311 82809919 84048743 91614883 72571061 64472689 1737737 254327 2619439 13466473 28957231 318499 629917 44689591 15531821 12598799 40585861 51696011 16786087 11014007 782953 599647 10516679 16336247 18550057 28515661
10000 99
64472689 1737737 254327 2619439 13466473 28957231 318499 629917 44689591 15531821 12598799 40585861 51696011 16786087 11014007 782953 599647 10516679 16336247 18550057 28515661 58373311 82809919 84048743 91614883 72571061 64472689 1737737 254327 2619439 13466473 28957231 318499 629917 44689591 15531821 12598799 40585861 51696011 16786087 11014007 782953 599647 10516679 16336247 18550057 28515661 58373311 82809919 84048743 91614883 72571061 64472689 1737737 254327 2619439 13466473 28957231 318499 629917 44689591 15531821 12598799 40585861 51696011 16786087 11014007 782953 599647 10516679 16336247 18550057 28515661 58373311 82809919 84048743 91614883 72571061 64472689 1737737 254327 2619439 13466473 28957231 318499 629917 44689591 15531821 12598799 40585861 51696011 16786087 11014007 782953 599647 10516679 16336247 18550057 28515661
10000 99
64472689 1737737 254327 2619439 13466473 28957231 318499 629917 44689591 15531821 12598799 40585861 51696011 16786087 11014007 782953 599647 10516679 16336247 18550057 28515661 58373311 82809919 84048743 91614883 72571061 64472689 1737737 254327 2619439 13466473 28957231 318499 629917 44689591 15531821 12598799 40585861 51696011 16786087 11014007 782953 599647 10516679 16336247 18550057 28515661 58373311 82809919 84048743 91614883 72571061 64472689 1737737 254327 2619439 13466473 28957231 318499 629917 44689591 15531821 12598799 40585861 51696011 16786087 11014007 782953 599647 10516679 16336247 18550057 28515661 58373311 82809919 84048743 91614883 72571061 64472689 1737737 254327 2619439 13466473 28957231 318499 629917 44689591 15531821 12598799 40585861 51696011 16786087 11014007 782953 599647 10516679 16336247 18550057 28515661
10000 99
64472689 1737737 254327 2619439 13466473 28957231 318499 629917 44689591 15531821 12598799 40585861 51696011 16786087 11014007 782953 599647 10516679 16336247 18550057 28515661 58373311 82809919 84048743 91614883 72571061 64472689 1737737 254327 2619439 13466473 28957231 318499 629917 44689591 15531821 12598799 40585861 51696011 16786087 11014007 782953 599647 10516679 16336247 18550057 28515661 58373311 82809919 84048743 91614883 72571061 64472689 1737737 254327 2619439 13466473 28957231 318499 629917 44689591 15531821 12598799 40585861 51696011 16786087 11014007 782953 599647 10516679 16336247 18550057 28515661 58373311 82809919 84048743 91614883 72571061 64472689 1737737 254327 2619439 13466473 28957231 318499 629917 44689591 15531821 12598799 40585861 51696011 16786087 11014007 782953 599647 10516679 16336247 18550057 28515661
10000 99
64472689 1737737 254327 2619439 13466473 28957231 318499 629917 44689591 15531821 12598799 40585861 51696011 16786087 11014007 782953 599647 10516679 16336247 18550057 28515661 58373311 82809919 84048743 91614883 72571061 64472689 1737737 254327 2619439 13466473 28957231 318499 629917 44689591 15531821 12598799 40585861 51696011 16786087 11014007 782953 599647 10516679 16336247 18550057 28515661 58373311 82809919 84048743 91614883 72571061 64472689 1737737 254327 2619439 13466473 28957231 318499 629917 44689591 15531821 12598799 40585861 51696011 16786087 11014007 782953 599647 10516679 16336247 18550057 28515661 58373311 82809919 84048743 91614883 72571061 64472689 1737737 254327 2619439 13466473 28957231 318499 629917 44689591 15531821 12598799 40585861 51696011 16786087 11014007 782953 599647 10516679 16336247 18550057 28515661
10000 99
64472689 1737737 254327 2619439 13466473 28957231 318499 629917 44689591 15531821 12598799 40585861 51696011 16786087 11014007 782953 599647 10516679 16336247 18550057 28515661 58373311 82809919 84048743 91614883 72571061 64472689 1737737 254327 2619439 13466473 28957231 318499 629917 44689591 15531821 12598799 40585861 51696011 16786087 11014007 782953 599647 10516679 16336247 18550057 28515661 58373311 82809919 84048743 91614883 72571061 64472689 1737737 254327 2619439 13466473 28957231 318499 629917 44689591 15531821 12598799 40585861 51696011 16786087 11014007 782953 599647 10516679 16336247 18550057 28515661 58373311 82809919 84048743 91614883 72571061 64472689 1737737 254327 2619439 13466473 28957231 318499 629917 44689591 15531821 12598799 40585861 51696011 16786087 11014007 782953 599647 10516679 16336247 18550057 28515661
10000 99
64472689 1737737 254327 2619439 13466473 28957231 318499 629917 44689591 15531821 12598799 40585861 51696011 16786087 11014007 782953 599647 10516679 16336247 18550057 28515661 58373311 82809919 84048743 91614883 72571061 64472689 1737737 254327 2619439 13466473 28957231 318499 629917 44689591 15531821 12598799 40585861 51696011 16786087 11014007 782953 599647 10516679 16336247 18550057 28515661 58373311 82809919 84048743 91614883 72571061 64472689 1737737 254327 2619439 13466473 28957231 318499 629917 44689591 15531821 12598799 40585861 51696011 16786087 11014007 782953 599647 10516679 16336247 18550057 28515661 58373311 82809919 84048743 91614883 72571061 64472689 1737737 254327 2619439 13466473 28957231 318499 629917 44689591 15531821 12598799 40585861 51696011 16786087 11014007 782953 599647 10516679 16336247 18550057 28515661
10000 99
64472689 1737737 254327 2619439 13466473 28957231 318499 629917 44689591 15531821 12598799 40585861 51696011 16786087 11014007 782953 599647 10516679 16336247 18550057 28515661 58373311 82809919 84048743 91614883 72571061 64472689 1737737 254327 2619439 13466473 28957231 318499 629917 44689591 15531821 12598799 40585861 51696011 16786087 11014007 782953 599647 10516679 16336247 18550057 28515661 58373311 82809919 84048743 91614883 72571061 64472689 1737737 254327 2619439 13466473 28957231 318499 629917 44689591 15531821 12598799 40585861 51696011 16786087 11014007 782953 599647 10516679 16336247 18550057 28515661 58373311 82809919 84048743 91614883 72571061 64472689 1737737 254327 2619439 13466473 28957231 318499 629917 44689591 15531821 12598799 40585861 51696011 16786087 11014007 782953 599647 10516679 16336247 18550057 28515661
10000 99
64472689 1737737 254327 2619439 13466473 28957231 318499 629917 44689591 15531821 12598799 40585861 51696011 16786087 11014007 782953 599647 10516679 16336247 18550057 28515661 58373311 82809919 84048743 91614883 72571061 64472689 1737737 254327 2619439 13466473 28957231 318499 629917 44689591 15531821 12598799 40585861 51696011 16786087 11014007 782953 599647 10516679 16336247 18550057 28515661 58373311 82809919 84048743 91614883 72571061 64472689 1737737 254327 2619439 13466473 28957231 318499 629917 44689591 15531821 12598799 40585861 51696011 16786087 11014007 782953 599647 10516679 16336247 18550057 28515661 58373311 82809919 84048743 91614883 72571061 64472689 1737737 254327 2619439 13466473 28957231 318499 629917 44689591 15531821 12598799 40585861 51696011 16786087 11014007 782953 599647 10516679 16336247 18550057 28515661
10000 99
64472689 1737737 254327 2619439 13466473 28957231 318499 629917 44689591 15531821 12598799 40585861 51696011 16786087 11014007 782953 599647 10516679 16336247 18550057 28515661 58373311 82809919 84048743 91614883 72571061 64472689 1737737 254327 2619439 13466473 28957231 318499 629917 44689591 15531821 12598799 40585861 51696011 16786087 11014007 782953 599647 10516679 16336247 18550057 28515661 58373311 82809919 84048743 91614883 72571061 64472689 1737737 254327 2619439 13466473 28957231 318499 629917 44689591 15531821 12598799 40585861 51696011 16786087 11014007 782953 599647 10516679 16336247 18550057 28515661 58373311 82809919 84048743 91614883 72571061 64472689 1737737 254327 2619439 13466473 28957231 318499 629917 44689591 15531821 12598799 40585861 51696011 16786087 11014007 782953 599647 10516679 16336247 18550057 28515661
10000 99
64472689 1737737 254327 2619439 13466473 28957231 318499 629917 44689591 15531821 12598799 40585861 51696011 16786087 11014007 782953 599647 10516679 16336247 18550057 28515661 58373311 82809919 84048743 91614883 72571061 64472689 1737737 254327 2619439 13466473 28957231 318499 629917 44689591 15531821 12598799 40585861 51696011 16786087 11014007 782953 599647 10516679 16336247 18550057 28515661 58373311 82809919 84048743 91614883 72571061 64472689 1737737 254327 2619439 13466473 28957231 318499 629917 44689591 15531821 12598799 40585861 51696011 16786087 11014007 782953 599647 10516679 16336247 18550057 28515661 58373311 82809919 84048743 91614883 72571061 64472689 1737737 254327 2619439 13466473 28957231 318499 629917 44689591 15531821 12598799 40585861 51696011 16786087 11014007 782953 599647 10516679 16336247 18550057 28515661
10000 99
64472689 1737737 254327 2619439 13466473 28957231 318499 629917 44689591 15531821 12598799 40585861 51696011 16786087 11014007 782953 599647 10516679 16336247 18550057 28515661 58373311 82809919 84048743 91614883 72571061 64472689 1737737 254327 2619439 13466473 28957231 318499 629917 44689591 15531821 12598799 40585861 51696011 16786087 11014007 782953 599647 10516679 16336247 18550057 28515661 58373311 82809919 84048743 91614883 72571061 64472689 1737737 254327 2619439 13466473 28957231 318499 629917 44689591 15531821 12598799 40585861 51696011 16786087 11014007 782953 599647 10516679 16336247 18550057 28515661 58373311 82809919 84048743 91614883 72571061 64472689 1737737 254327 2619439 13466473 28957231 318499 629917 44689591 15531821 12598799 40585861 51696011 16786087 11014007 782953 599647 10516679 16336247 18550057 28515661
10000 99
64472689 1737737 254327 2619439 13466473 28957231 318499 629917 44689591 15531821 12598799 40585861 51696011 16786087 11014007 782953 599647 10516679 16336247 18550057 28515661 58373311 82809919 84048743 91614883 72571061 64472689 1737737 254327 2619439 13466473 28957231 318499 629917 44689591 15531821 12598799 40585861 51696011 16786087 11014007 782953 599647 10516679 16336247 18550057 28515661 58373311 82809919 84048743 91614883 72571061 64472689 1737737 254327 2619439 13466473 28957231 318499 629917 44689591 15531821 12598799 40585861 51696011 16786087 11014007 782953 599647 10516679 16336247 18550057 28515661 58373311 82809919 84048743 91614883 72571061 64472689 1737737 254327 2619439 13466473 28957231 318499 629917 44689591 15531821 12598799 40585861 51696011 16786087 11014007 782953 599647 10516679 16336247 18550057 28515661
10000 99
64472689 1737737 254327 2619439 13466473 28957231 318499 629917 44689591 15531821 12598799 40585861 51696011 16786087 11014007 782953 599647 10516679 16336247 18550057 28515661 58373311 82809919 84048743 91614883 72571061 64472689 1737737 254327 2619439 13466473 28957231 318499 629917 44689591 15531821 12598799 40585861 51696011 16786087 11014007 782953 599647 10516679 16336247 18550057 28515661 58373311 82809919 84048743 91614883 72571061 64472689 1737737 254327 2619439 13466473 28957231 318499 629917 44689591 15531821 12598799 40585861 51696011 16786087 11014007 782953 599647 10516679 16336247 18550057 28515661 58373311 82809919 84048743 91614883 72571061 64472689 1737737 254327 2619439 13466473 28957231 318499 629917 44689591 15531821 12598799 40585861 51696011 16786087 11014007 782953 599647 10516679 16336247 18550057 28515661
10000 99
64472689 1737737 254327 2619439 13466473 28957231 318499 629917 44689591 15531821 12598799 40585861 51696011 16786087 11014007 782953 599647 10516679 16336247 18550057 28515661 58373311 82809919 84048743 91614883 72571061 64472689 1737737 254327 2619439 13466473 28957231 318499 629917 44689591 15531821 12598799 40585861 51696011 16786087 11014007 782953 599647 10516679 16336247 18550057 28515661 58373311 82809919 84048743 91614883 72571061 64472689 1737737 254327 2619439 13466473 28957231 318499 629917 44689591 15531821 12598799 40585861 51696011 16786087 11014007 782953 599647 10516679 16336247 18550057 28515661 58373311 82809919 84048743 91614883 72571061 64472689 1737737 254327 2619439 13466473 28957231 318499 629917 44689591 15531821 12598799 40585861 51696011 16786087 11014007 782953 599647 10516679 16336247 18550057 28515661
10000 99
64472689 1737737 254327 2619439 13466473 28957231 318499 629917 44689591 15531821 12598799 40585861 51696011 16786087 11014007 782953 599647 10516679 16336247 18550057 28515661 58373311 82809919 84048743 91614883 72571061 64472689 1737737 254327 2619439 13466473 28957231 318499 629917 44689591 15531821 12598799 40585861 51696011 16786087 11014007 782953 599647 10516679 16336247 18550057 28515661 58373311 82809919 84048743 91614883 72571061 64472689 1737737 254327 2619439 13466473 28957231 318499 629917 44689591 15531821 12598799 40585861 51696011 16786087 11014007 782953 599647 10516679 16336247 18550057 28515661 58373311 82809919 84048743 91614883 72571061 64472689 1737737 254327 2619439 13466473 28957231 318499 629917 44689591 15531821 12598799 40585861 51696011 16786087 11014007 782953 599647 10516679 16336247 18550057 28515661
10000 99
64472689 1737737 254327 2619439 13466473 28957231 318499 629917 44689591 15531821 12598799 40585861 51696011 16786087 11014007 782953 599647 10516679 16336247 18550057 28515661 58373311 82809919 84048743 91614883 72571061 64472689 1737737 254327 2619439 13466473 28957231 318499 629917 44689591 15531821 12598799 40585861 51696011 16786087 11014007 782953 599647 10516679 16336247 18550057 28515661 58373311 82809919 84048743 91614883 72571061 64472689 1737737 254327 2619439 13466473 28957231 318499 629917 44689591 15531821 12598799 40585861 51696011 16786087 11014007 782953 599647 10516679 16336247 18550057 28515661 58373311 82809919 84048743 91614883 72571061 64472689 1737737 254327 2619439 13466473 28957231 318499 629917 44689591 15531821 12598799 40585861 51696011 16786087 11014007 782953 599647 10516679 16336247 18550057 28515661
10000 99
64472689 1737737 254327 2619439 13466473 28957231 318499 629917 44689591 15531821 12598799 40585861 51696011 16786087 11014007 782953 599647 10516679 16336247 18550057 28515661 58373311 82809919 84048743 91614883 72571061 64472689 1737737 254327 2619439 13466473 28957231 318499 629917 44689591 15531821 12598799 40585861 51696011 16786087 11014007 782953 599647 10516679 16336247 18550057 28515661 58373311 82809919 84048743 91614883 72571061 64472689 1737737 254327 2619439 13466473 28957231 318499 629917 44689591 15531821 12598799 40585861 51696011 16786087 11014007 782953 599647 10516679 16336247 18550057 28515661 58373311 82809919 84048743 91614883 72571061 64472689 1737737 254327 2619439 13466473 28957231 318499 629917 44689591 15531821 12598799 40585861 51696011 16786087 11014007 782953 599647 10516679 16336247 18550057 28515661
10000 99
64472689 1737737 254327 2619439 13466473 28957231 318499 629917 44689591 15531821 12598799 40585861 51696011 16786087 11014007 782953 599647 10516679 16336247 18550057 28515661 58373311 82809919 84048743 91614883 72571061 64472689 1737737 254327 2619439 13466473 28957231 318499 629917 44689591 15531821 12598799 40585861 51696011 16786087 11014007 782953 599647 10516679 16336247 18550057 28515661 58373311 82809919 84048743 91614883 72571061 64472689 1737737 254327 2619439 13466473 28957231 318499 629917 44689591 15531821 12598799 40585861 51696011 16786087 11014007 782953 599647 10516679 16336247 18550057 28515661 58373311 82809919 84048743 91614883 72571061 64472689 1737737 254327 2619439 13466473 28957231 318499 629917 44689591 15531821 12598799 40585861 51696011 16786087 11014007 782953 599647 10516679 16336247 18550057 28515661
10000 99
64472689 1737737 254327 2619439 13466473 28957231 318499 629917 44689591 15531821 12598799 40585861 51696011 16786087 11014007 782953 599647 10516679 16336247 18550057 28515661 58373311 82809919 84048743 91614883 72571061 64472689 1737737 254327 2619439 13466473 28957231 318499 629917 44689591 15531821 12598799 40585861 51696011 16786087 11014007 782953 599647 10516679 16336247 18550057 28515661 58373311 82809919 84048743 91614883 72571061 64472689 1737737 254327 2619439 13466473 28957231 318499 629917 44689591 15531821 12598799 40585861 51696011 16786087 11014007 782953 599647 10516679 16336247 18550057 28515661 58373311 82809919 84048743 91614883 72571061 64472689 1737737 254327 2619439 13466473 28957231 318499 629917 44689591 15531821 12598799 40585861 51696011 16786087 11014007 782953 599647 10516679 16336247 18550057 28515661
10000 99
64472689 1737737 254327 2619439 13466473 28957231 318499 629917 44689591 15531821 12598799 40585861 51696011 16786087 11014007 782953 599647 10516679 16336247 18550057 28515661 58373311 82809919 84048743 91614883 72571061 64472689 1737737 254327 2619439 13466473 28957231 318499 629917 44689591 15531821 12598799 40585861 51696011 16786087 11014007 782953 599647 10516679 16336247 18550057 28515661 58373311 82809919 84048743 91614883 72571061 64472689 1737737 254327 2619439 13466473 28957231 318499 629917 44689591 15531821 12598799 40585861 51696011 16786087 11014007 782953 599647 10516679 16336247 18550057 28515661 58373311 82809919 84048743 91614883 72571061 64472689 1737737 254327 2619439 13466473 28957231 318499 629917 44689591 15531821 12598799 40585861 51696011 16786087 11014007 782953 599647 10516679 16336247 18550057 28515661
10000 99
64472689 1737737 254327 2619439 13466473 28957231 318499 629917 44689591 15531821 12598799 40585861 51696011 16786087 11014007 782953 599647 10516679 16336247 18550057 28515661 58373311 82809919 84048743 91614883 72571061 64472689 1737737 254327 2619439 13466473 28957231 318499 629917 44689591 15531821 12598799 40585861 51696011 16786087 11014007 782953 599647 10516679 16336247 18550057 28515661 58373311 82809919 84048743 91614883 72571061 64472689 1737737 254327 2619439 13466473 28957231 318499 629917 44689591 15531821 12598799 40585861 51696011 16786087 11014007 782953 599647 10516679 16336247 18550057 28515661 58373311 82809919 84048743 91614883 72571061 64472689 1737737 254327 2619439 13466473 28957231 318499 629917 44689591 15531821 12598799 40585861 51696011 16786087 11014007 782953 599647 10516679 16336247 18550057 28515661
10000 99
64472689 1737737 254327 2619439 13466473 28957231 318499 629917 44689591 15531821 12598799 40585861 51696011 16786087 11014007 782953 599647 10516679 16336247 18550057 28515661 58373311 82809919 84048743 91614883 72571061 64472689 1737737 254327 2619439 13466473 28957231 318499 629917 44689591 15531821 12598799 40585861 51696011 16786087 11014007 782953 599647 10516679 16336247 18550057 28515661 58373311 82809919 84048743 91614883 72571061 64472689 1737737 254327 2619439 13466473 28957231 318499 629917 44689591 15531821 12598799 40585861 51696011 16786087 11014007 782953 599647 10516679 16336247 18550057 28515661 58373311 82809919 84048743 91614883 72571061 64472689 1737737 254327 2619439 13466473 28957231 318499 629917 44689591 15531821 12598799 40585861 51696011 16786087 11014007 782953 599647 10516679 16336247 18550057 28515661
10000 99
64472689 1737737 254327 2619439 13466473 28957231 318499 629917 44689591 15531821 12598799 40585861 51696011 16786087 11014007 782953 599647 10516679 16336247 18550057 28515661 58373311 82809919 84048743 91614883 72571061 64472689 1737737 254327 2619439 13466473 28957231 318499 629917 44689591 15531821 12598799 40585861 51696011 16786087 11014007 782953 599647 10516679 16336247 18550057 28515661 58373311 82809919 84048743 91614883 72571061 64472689 1737737 254327 2619439 13466473 28957231 318499 629917 44689591 15531821 12598799 40585861 51696011 16786087 11014007 782953 599647 10516679 16336247 18550057 28515661 58373311 82809919 84048743 91614883 72571061 64472689 1737737 254327 2619439 13466473 28957231 318499 629917 44689591 15531821 12598799 40585861 51696011 16786087 11014007 782953 599647 10516679 16336247 18550057 28515661
10000 99
64472689 1737737 254327 2619439 13466473 28957231 318499 629917 44689591 15531821 12598799 40585861 51696011 16786087 11014007 782953 599647 10516679 16336247 18550057 28515661 58373311 82809919 84048743 91614883 72571061 64472689 1737737 254327 2619439 13466473 28957231 318499 629917 44689591 15531821 12598799 40585861 51696011 16786087 11014007 782953 599647 10516679 16336247 18550057 28515661 58373311 82809919 84048743 91614883 72571061 64472689 1737737 254327 2619439 13466473 28957231 318499 629917 44689591 15531821 12598799 40585861 51696011 16786087 11014007 782953 599647 10516679 16336247 18550057 28515661 58373311 82809919 84048743 91614883 72571061 64472689 1737737 254327 2619439 13466473 28957231 318499 629917 44689591 15531821 12598799 40585861 51696011 16786087 11014007 782953 599647 10516679 16336247 18550057 28515661
10000 99
64472689 1737737 254327 2619439 13466473 28957231 318499 629917 44689591 15531821 12598799 40585861 51696011 16786087 11014007 782953 599647 10516679 16336247 18550057 28515661 58373311 82809919 84048743 91614883 72571061 64472689 1737737 254327 2619439 13466473 28957231 318499 629917 44689591 15531821 12598799 40585861 51696011 16786087 11014007 782953 599647 10516679 16336247 18550057 28515661 58373311 82809919 84048743 91614883 72571061 64472689 1737737 254327 2619439 13466473 28957231 318499 629917 44689591 15531821 12598799 40585861 51696011 16786087 11014007 782953 599647 10516679 16336247 18550057 28515661 58373311 82809919 84048743 91614883 72571061 64472689 1737737 254327 2619439 13466473 28957231 318499 629917 44689591 15531821 12598799 40585861 51696011 16786087 11014007 782953 599647 10516679 16336247 18550057 28515661
10000 99
64472689 1737737 254327 2619439 13466473 28957231 318499 629917 44689591 15531821 12598799 40585861 51696011 16786087 11014007 782953 599647 10516679 16336247 18550057 28515661 58373311 82809919 84048743 91614883 72571061 64472689 1737737 254327 2619439 13466473 28957231 318499 629917 44689591 15531821 12598799 40585861 51696011 16786087 11014007 782953 599647 10516679 16336247 18550057 28515661 58373311 82809919 84048743 91614883 72571061 64472689 1737737 254327 2619439 13466473 28957231 318499 629917 44689591 15531821 12598799 40585861 51696011 16786087 11014007 782953 599647 10516679 16336247 18550057 28515661 58373311 82809919 84048743 91614883 72571061 64472689 1737737 254327 2619439 13466473 28957231 318499 629917 44689591 15531821 12598799 40585861 51696011 16786087 11014007 782953 599647 10516679 16336247 18550057 28515661
10000 99
64472689 1737737 254327 2619439 13466473 28957231 318499 629917 44689591 15531821 12598799 40585861 51696011 16786087 11014007 782953 599647 10516679 16336247 18550057 28515661 58373311 82809919 84048743 91614883 72571061 64472689 1737737 254327 2619439 13466473 28957231 318499 629917 44689591 15531821 12598799 40585861 51696011 16786087 11014007 782953 599647 10516679 16336247 18550057 28515661 58373311 82809919 84048743 91614883 72571061 64472689 1737737 254327 2619439 13466473 28957231 318499 629917 44689591 15531821 12598799 40585861 51696011 16786087 11014007 782953 599647 10516679 16336247 18550057 28515661 58373311 82809919 84048743 91614883 72571061 64472689 1737737 254327 2619439 13466473 28957231 318499 629917 44689591 15531821 12598799 40585861 51696011 16786087 11014007 782953 599647 10516679 16336247 18550057 28515661
10000 99
64472689 1737737 254327 2619439 13466473 28957231 318499 629917 44689591 15531821 12598799 40585861 51696011 16786087 11014007 782953 599647 10516679 16336247 18550057 28515661 58373311 82809919 84048743 91614883 72571061 64472689 1737737 254327 2619439 13466473 28957231 318499 629917 44689591 15531821 12598799 40585861 51696011 16786087 11014007 782953 599647 10516679 16336247 18550057 28515661 58373311 82809919 84048743 91614883 72571061 64472689 1737737 254327 2619439 13466473 28957231 318499 629917 44689591 15531821 12598799 40585861 51696011 16786087 11014007 782953 599647 10516679 16336247 18550057 28515661 58373311 82809919 84048743 91614883 72571061 64472689 1737737 254327 2619439 13466473 28957231 318499 629917 44689591 15531821 12598799 40585861 51696011 16786087 11014007 782953 599647 10516679 16336247 18550057 28515661
10000 99
64472689 1737737 254327 2619439 13466473 28957231 318499 629917 44689591 15531821 12598799 40585861 51696011 16786087 11014007 782953 599647 10516679 16336247 18550057 28515661 58373311 82809919 84048743 91614883 72571061 64472689 1737737 254327 2619439 13466473 28957231 318499 629917 44689591 15531821 12598799 40585861 51696011 16786087 11014007 782953 599647 10516679 16336247 18550057 28515661 58373311 82809919 84048743 91614883 72571061 64472689 1737737 254327 2619439 13466473 28957231 318499 629917 44689591 15531821 12598799 40585861 51696011 16786087 11014007 782953 599647 10516679 16336247 18550057 28515661 58373311 82809919 84048743 91614883 72571061 64472689 1737737 254327 2619439 13466473 28957231 318499 629917 44689591 15531821 12598799 40585861 51696011 16786087 11014007 782953 599647 10516679 16336247 18550057 28515661
10000 99
64472689 1737737 254327 2619439 13466473 28957231 318499 629917 44689591 15531821 12598799 40585861 51696011 16786087 11014007 782953 599647 10516679 16336247 18550057 28515661 58373311 82809919 84048743 91614883 72571061 64472689 1737737 254327 2619439 13466473 28957231 318499 629917 44689591 15531821 12598799 40585861 51696011 16786087 11014007 782953 599647 10516679 16336247 18550057 28515661 58373311 82809919 84048743 91614883 72571061 64472689 1737737 254327 2619439 13466473 28957231 318499 629917 44689591 15531821 12598799 40585861 51696011 16786087 11014007 782953 599647 10516679 16336247 18550057 28515661 58373311 82809919 84048743 91614883 72571061 64472689 1737737 254327 2619439 13466473 28957231 318499 629917 44689591 15531821 12598799 40585861 51696011 16786087 11014007 782953 599647 10516679 16336247 18550057 28515661
10000 99
64472689 1737737 254327 2619439 13466473 28957231 318499 629917 44689591 15531821 12598799 40585861 51696011 16786087 11014007 782953 599647 10516679 16336247 18550057 28515661 58373311 82809919 84048743 91614883 72571061 64472689 1737737 254327 2619439 13466473 28957231 318499 629917 44689591 15531821 12598799 40585861 51696011 16786087 11014007 782953 599647 10516679 16336247 18550057 28515661 58373311 82809919 84048743 91614883 72571061 64472689 1737737 254327 2619439 13466473 28957231 318499 629917 44689591 15531821 12598799 40585861 51696011 16786087 11014007 782953 599647 10516679 16336247 18550057 28515661 58373311 82809919 84048743 91614883 72571061 64472689 1737737 254327 2619439 13466473 28957231 318499 629917 44689591 15531821 12598799 40585861 51696011 16786087 11014007 782953 599647 10516679 16336247 18550057 28515661
10000 99
64472689 1737737 254327 2619439 13466473 28957231 318499 629917 44689591 15531821 12598799 40585861 51696011 16786087 11014007 782953 599647 10516679 16336247 18550057 28515661 58373311 82809919 84048743 91614883 72571061 64472689 1737737 254327 2619439 13466473 28957231 318499 629917 44689591 15531821 12598799 40585861 51696011 16786087 11014007 782953 599647 10516679 16336247 18550057 28515661 58373311 82809919 84048743 91614883 72571061 64472689 1737737 254327 2619439 13466473 28957231 318499 629917 44689591 15531821 12598799 40585861 51696011 16786087 11014007 782953 599647 10516679 16336247 18550057 28515661 58373311 82809919 84048743 91614883 72571061 64472689 1737737 254327 2619439 13466473 28957231 318499 629917 44689591 15531821 12598799 40585861 51696011 16786087 11014007 782953 599647 10516679 16336247 18550057 28515661
10000 99
64472689 1737737 254327 2619439 13466473 28957231 318499 629917 44689591 15531821 12598799 40585861 51696011 16786087 11014007 782953 599647 10516679 16336247 18550057 28515661 58373311 82809919 84048743 91614883 72571061 64472689 1737737 254327 2619439 13466473 28957231 318499 629917 44689591 15531821 12598799 40585861 51696011 16786087 11014007 782953 599647 10516679 16336247 18550057 28515661 58373311 82809919 84048743 91614883 72571061 64472689 1737737 254327 2619439 13466473 28957231 318499 629917 44689591 15531821 12598799 40585861 51696011 16786087 11014007 782953 599647 10516679 16336247 18550057 28515661 58373311 82809919 84048743 91614883 72571061 64472689 1737737 254327 2619439 13466473 28957231 318499 629917 44689591 15531821 12598799 40585861 51696011 16786087 11014007 782953 599647 10516679 16336247 18550057 28515661
